time (in 10s), voltage_device (mV), voltage_esp (mV)
0, 513.121724, 524
1, 512.626052, 521
2, 513.117135, 542
3, 513.716578, 555
4, 514.4822, 533
5, 515.000224, 548
6, 516.218364, 502
7, 516.584456, 554
8, 514.872313, 552
9, 515.776336, 567
10, 516.928971, 538
11, 516.847253, 528
12, 517.244756, 511
13, 517.086923, 521
14, 517.26377, 495
15, 518.746614, 530
16, 518.686295, 531
17, 519.863904, 522
18, 520.01065, 571
19, 518.547118, 550
20, 520.449042, 562
21, 521.697462, 560
22, 520.419538, 572
23, 521.264076, 533
24, 521.031678, 570
25, 520.504236, 589
26, 522.95804, 548
27, 522.988856, 516
28, 521.974385, 532
29, 523.351431, 569
30, 523.665488, 522
31, 524.479747, 522
32, 524.592578, 573
33, 524.304748, 566
34, 523.51594, 542
35, 524.696887, 561
36, 525.932789, 532
37, 524.884224, 575
38, 525.119603, 561
39, 526.435018, 545
40, 525.947452, 521
41, 526.117623, 553
42, 526.885331, 538
43, 526.317775, 574
44, 526.890218, 518
45, 527.823031, 522
46, 527.576506, 562
47, 526.937485, 524
48, 526.991844, 527
49, 528.930008, 577
50, 528.388798, 568
51, 528.020442, 540
52, 528.864443, 560
53, 527.722597, 496
54, 528.679073, 515
55, 528.63878, 552
56, 527.659297, 541
57, 528.700352, 516
58, 529.257059, 528
59, 529.04439, 524
60, 528.499305, 569
61, 528.162241, 546
62, 527.593613, 568
63, 528.58758, 544
64, 529.272974, 529
65, 528.905213, 577
66, 529.374421, 531
67, 529.209137, 557
68, 530.373633, 531
69, 530.535281, 575
70, 530.872047, 577
71, 532.179236, 534
72, 530.973613, 529
73, 530.465901, 553
74, 530.257523, 578
75, 531.104326, 555
76, 532.080293, 521
77, 529.973567, 558
78, 530.426085, 514
79, 531.880438, 553
80, 531.371832, 556
81, 531.591833, 561
82, 533.119023, 560
83, 531.793714, 499
84, 530.564427, 533
85, 531.781077, 533
86, 532.002449, 542
87, 531.194925, 522
88, 531.632304, 562
89, 531.678796, 531
90, 531.256914, 519
91, 531.29214, 546
92, 532.450676, 573
93, 533.255875, 514
94, 532.886386, 519
95, 532.707572, 547
96, 532.075822, 561
97, 531.417489, 556
98, 532.584667, 584
99, 532.484114, 536
100, 532.777667, 528
101, 534.149408, 532
102, 533.26565, 542
103, 533.264101, 509
104, 533.872962, 570
105, 533.572078, 562
106, 533.839941, 526
107, 535.021424, 557
108, 534.552038, 542
109, 533.773661, 574
110, 533.512592, 522
111, 534.144163, 562
112, 535.254955, 539
113, 533.644855, 494
114, 533.1828, 560
115, 534.86675, 531
116, 535.303473, 497
117, 535.515428, 527
118, 535.720766, 574
119, 534.409583, 554
120, 535.183132, 538
121, 535.749435, 570
122, 534.617722, 534
123, 534.928977, 570
124, 534.60139, 546
125, 534.806013, 552
126, 535.677671, 522
127, 535.13366, 586
128, 536.35031, 567
129, 536.245525, 524
130, 535.005212, 552
131, 536.023378, 565
132, 536.052227, 566
133, 536.322653, 537
134, 536.870122, 538
135, 536.894441, 505
136, 537.266433, 532
137, 535.59798, 534
138, 535.86936, 546
139, 537.234068, 572
140, 537.839293, 594
141, 537.046492, 544
142, 537.534952, 538
143, 539.004326, 532
144, 537.249744, 561
145, 536.667049, 568
146, 536.683917, 559
147, 536.347926, 513
148, 537.240148, 571
149, 535.358369, 559
150, 533.511102, 559
151, 533.713162, 554
152, 532.691777, 564
153, 531.961322, 570
154, 531.302452, 541
155, 530.042708, 554
156, 530.198276, 550
157, 529.57499, 524
158, 528.691649, 519
159, 527.618408, 570
160, 524.512827, 525
161, 524.321496, 571
162, 525.450289, 551
163, 525.31898, 533
164, 525.827646, 580
165, 525.733471, 539
166, 524.440706, 559
167, 524.197161, 538
168, 525.177419, 544
169, 525.422394, 529
170, 524.681985, 567
171, 526.153862, 532
172, 528.874338, 527
173, 528.821468, 530
174, 526.572943, 521
175, 526.186824, 543
176, 526.357412, 526
177, 526.471555, 514
178, 526.786625, 524
179, 527.188063, 539
180, 527.799129, 578
181, 527.478337, 537
182, 527.770162, 510
183, 529.060125, 586
184, 528.779387, 554
185, 529.098451, 556
186, 529.930472, 579
187, 530.976772, 562
188, 529.329181, 540
189, 527.580202, 536
190, 528.354406, 537
191, 528.987825, 565
192, 527.412832, 557
193, 529.426277, 566
194, 529.589593, 553
195, 527.829528, 521
196, 529.896021, 580
197, 530.321658, 574
198, 528.953552, 561
199, 529.402614, 574
200, 529.89465, 559
201, 529.763103, 545
202, 530.409753, 518
203, 531.287014, 549
204, 530.102611, 587
205, 529.624224, 549
206, 530.469, 581
207, 530.792236, 519
208, 531.032383, 553
209, 531.113505, 514
210, 531.497598, 530
211, 531.517386, 603
212, 531.127214, 549
213, 532.436252, 576
214, 532.615244, 591
215, 531.245172, 551
216, 532.002032, 531
217, 531.952858, 553
218, 532.846153, 518
219, 533.979177, 559
220, 533.095658, 567
221, 531.72642, 525
222, 531.065166, 556
223, 529.802263, 525
224, 529.283941, 546
225, 530.022144, 553
226, 529.649377, 538
227, 529.280424, 525
228, 530.816793, 578
229, 531.80939, 583
230, 530.762911, 518
231, 530.804813, 552
232, 530.952096, 534
233, 532.15903, 555
234, 532.854736, 560
235, 532.005906, 559
236, 533.293664, 543
237, 533.151627, 557
238, 532.9144, 555
239, 533.75113, 547
240, 534.41, 591
241, 534.88946, 548
242, 534.660578, 545
243, 535.969496, 575
244, 535.65222, 543
245, 534.447432, 555
246, 534.97833, 537
247, 536.1166, 533
248, 536.639273, 555
249, 536.276937, 566
250, 535.738587, 560
251, 535.744905, 536
252, 536.430299, 549
253, 537.125945, 548
254, 538.089573, 511
255, 538.077354, 526
256, 537.091315, 533
257, 536.338031, 559
258, 535.491943, 558
259, 535.317481, 504
260, 534.215808, 517
261, 533.378899, 522
262, 532.372832, 551
263, 533.076227, 553
264, 532.685757, 548
265, 531.932056, 522
266, 531.684399, 551
267, 531.91179, 551
268, 532.876134, 497
269, 532.773316, 569
270, 533.978641, 521
271, 533.283591, 543
272, 533.012509, 526
273, 534.366131, 572
274, 533.229113, 570
275, 532.622874, 542
276, 533.87183, 543
277, 534.37233, 533
278, 535.568535, 583
279, 534.656107, 572
280, 534.578443, 592
281, 535.823345, 565
282, 534.820616, 588
283, 537.144959, 544
284, 537.776768, 528
285, 535.782278, 535
286, 534.475684, 524
287, 534.412444, 590
288, 535.16686, 573
289, 534.25014, 537
290, 532.51487, 534
291, 530.856431, 570
292, 528.898418, 535
293, 529.012024, 547
294, 530.83384, 569
295, 530.570328, 561
296, 530.273438, 530
297, 531.067848, 548
298, 530.892789, 548
299, 530.50369, 503
300, 530.633211, 546
301, 530.407727, 545
302, 532.070994, 500
303, 532.475591, 521
304, 529.980898, 549
305, 531.56507, 540
306, 532.310426, 560
307, 530.640066, 555
308, 532.7003, 480
309, 533.356667, 550
310, 532.851458, 511
311, 532.583237, 561
312, 532.057285, 503
313, 532.754064, 538
314, 532.614052, 559
315, 532.909155, 501
316, 534.367025, 560
317, 534.024894, 579
318, 534.196854, 523
319, 535.763323, 554
320, 535.937607, 582
321, 535.562158, 589
322, 536.278844, 543
323, 536.4604, 573
324, 536.901712, 531
325, 536.523104, 591
326, 536.2342, 530
327, 537.248969, 608
328, 537.546217, 523
329, 538.27709, 556
330, 538.866997, 566
331, 538.297474, 547
332, 538.737237, 541
333, 538.185179, 514
334, 539.220214, 514
335, 538.9961, 541
336, 539.022386, 515
337, 539.960146, 545
338, 538.778961, 555
339, 540.050924, 560
340, 540.874779, 568
341, 540.831923, 507
342, 540.981054, 566
343, 540.975094, 536
344, 541.028082, 516
345, 540.727079, 551
346, 540.484846, 546
347, 541.650832, 569
348, 541.783631, 538
349, 542.124391, 535
350, 542.747259, 589
351, 541.208088, 566
352, 541.882455, 543
353, 543.287516, 584
354, 542.861819, 580
355, 542.630851, 570
356, 542.114556, 574
357, 543.091774, 531
358, 543.107986, 526
359, 542.672813, 534
360, 543.352008, 561
361, 543.4286, 518
362, 543.443382, 525
363, 543.6939, 538
364, 543.997407, 513
365, 544.235647, 544
366, 544.16281, 516
367, 544.055462, 566
368, 544.33167, 520
369, 544.429421, 575
370, 544.501781, 567
371, 543.77073, 511
372, 544.003189, 555
373, 544.48545, 551
374, 543.886602, 566
375, 544.700921, 561
376, 545.06743, 551
377, 544.928908, 521
378, 544.522107, 527
379, 544.775665, 516
380, 545.014262, 577
381, 544.404805, 575
382, 544.475198, 554
383, 545.401394, 545
384, 545.749664, 577
385, 544.83217, 583
386, 544.262707, 548
387, 543.738604, 557
388, 544.415057, 517
389, 545.165002, 521
390, 544.624805, 512
391, 543.73616, 514
392, 543.77079, 571
393, 543.542147, 517
394, 543.446779, 574
395, 543.438733, 561
396, 542.359352, 545
397, 542.750835, 527
398, 543.30653, 541
399, 542.436302, 569
400, 542.518318, 574
401, 543.02603, 565
402, 543.224096, 535
403, 543.891549, 528
404, 542.779922, 562
405, 542.672992, 533
406, 543.23262, 517
407, 541.033745, 556
408, 540.50678, 536
409, 541.32396, 532
410, 541.732669, 508
411, 540.519238, 555
412, 540.44652, 494
413, 541.577518, 502
414, 542.019904, 560
415, 542.570233, 541
416, 542.005777, 499
417, 541.392028, 544
418, 542.216659, 556
419, 542.803586, 580
420, 542.583466, 544
421, 543.182731, 574
422, 542.287052, 520
423, 542.026818, 569
424, 542.881668, 537
425, 542.081952, 547
426, 542.839706, 567
427, 543.96075, 541
428, 542.625308, 584
429, 543.206573, 544
430, 543.773293, 534
431, 543.239236, 570
432, 543.358088, 520
433, 544.022501, 534
434, 544.017732, 534
435, 543.622375, 563
436, 544.266045, 542
437, 544.729829, 544
438, 544.15822, 522
439, 543.7783, 515
440, 544.294417, 568
441, 544.466615, 579
442, 543.129504, 562
443, 542.773426, 533
444, 542.707801, 575
445, 542.190611, 517
446, 542.784929, 556
447, 542.13357, 584
448, 542.771578, 506
449, 542.773902, 522
450, 541.969419, 508
451, 542.2346, 503
452, 541.361749, 563
453, 539.283454, 523
454, 539.841533, 530
455, 539.911926, 544
456, 539.206207, 584
457, 540.621579, 579
458, 539.778113, 536
459, 538.923025, 519
460, 539.200485, 521
461, 540.713608, 513
462, 540.628374, 561
463, 539.73788, 570
464, 540.872872, 496
465, 540.881693, 522
466, 541.044593, 561
467, 540.92288, 540
468, 539.761543, 577
469, 540.839911, 525
470, 541.31633, 489
471, 540.706277, 550
472, 541.530311, 566
473, 541.930139, 509
474, 541.639149, 520
475, 540.871024, 575
476, 541.503608, 569
477, 541.477859, 575
478, 541.749835, 576
479, 542.840183, 544
480, 542.108119, 528
481, 541.645885, 533
482, 543.136895, 528
483, 543.085873, 521
484, 542.758465, 519
485, 544.50345, 526
486, 543.81758, 536
487, 543.166816, 585
488, 544.164479, 509
489, 543.953061, 566
490, 543.274164, 574
491, 543.570638, 533
492, 544.112504, 527
493, 543.614745, 510
494, 543.533087, 541
495, 544.262946, 524
496, 544.136465, 520
497, 544.664443, 529
498, 544.845819, 552
499, 544.848084, 548
500, 544.816315, 562
501, 544.749081, 516
502, 544.957042, 511
503, 544.319689, 584
504, 545.273185, 564
505, 545.169115, 509
506, 544.597149, 538
507, 544.979632, 572
508, 544.963241, 547
509, 545.817912, 519
510, 545.873761, 563
511, 545.861065, 534
512, 545.521617, 537
513, 545.503676, 567
514, 546.184838, 588
515, 544.737399, 570
516, 544.779062, 561
517, 546.237767, 521
518, 546.219409, 579
519, 545.572996, 515
520, 545.828819, 555
521, 546.491981, 546
522, 546.706319, 510
523, 546.111584, 550
524, 546.243966, 537
525, 546.717584, 549
526, 546.432555, 549
527, 546.491146, 563
528, 546.382904, 522
529, 546.025574, 514
530, 546.611845, 582
531, 547.088742, 527
532, 546.600163, 520
533, 546.619296, 557
534, 546.882331, 576
535, 546.836913, 583
536, 547.131777, 510
537, 546.536088, 558
538, 546.744883, 527
539, 546.313167, 484
540, 546.821475, 549
541, 547.589123, 526
542, 547.078609, 568
543, 547.508061, 525
544, 546.844065, 578
545, 547.194421, 580
546, 547.103345, 591
547, 547.132373, 556
548, 547.566652, 572
549, 546.470463, 571
550, 546.890438, 541
551, 547.221541, 544
552, 547.398508, 546
553, 547.542453, 567
554, 547.01519, 560
555, 547.138929, 545
556, 547.5595, 549
557, 547.366023, 584
558, 547.648609, 511
559, 547.739923, 578
560, 547.56099, 588
561, 546.497166, 561
562, 546.6941, 560
563, 548.003912, 534
564, 547.900021, 526
565, 547.738016, 538
566, 547.389269, 532
567, 547.323346, 581
568, 547.339618, 576
569, 547.563076, 571
570, 548.002899, 551
571, 547.632456, 540
572, 547.136962, 568
573, 548.396528, 548
574, 547.789752, 581
575, 547.17052, 556
576, 548.366964, 556
577, 548.160434, 506
578, 547.332346, 578
579, 548.104882, 531
580, 548.712194, 529
581, 547.797322, 572
582, 547.358692, 539
583, 547.750413, 577
584, 548.256278, 538
585, 548.237383, 514
586, 548.637509, 522
587, 547.937572, 553
588, 547.453642, 514
589, 548.15805, 514
590, 548.205078, 532
591, 547.893226, 530
592, 547.246575, 568
593, 547.900796, 538
594, 548.351407, 547
595, 547.641814, 559
596, 548.016131, 578
597, 548.101485, 534
598, 548.30879, 563
599, 548.907518, 545
600, 547.735512, 554
601, 547.180951, 563
602, 548.321784, 513
603, 548.049152, 562
604, 548.382103, 590
605, 548.564494, 561
606, 547.464073, 557
607, 547.949135, 578
608, 548.083007, 559
609, 547.968745, 513
610, 547.420681, 515
611, 547.59711, 527
612, 547.802687, 572
613, 547.574818, 565
614, 547.524571, 544
615, 547.521114, 590
616, 547.49912, 527
617, 547.476649, 587
618, 547.796428, 528
619, 547.456801, 513
620, 547.486961, 568
621, 547.894895, 578
622, 547.305882, 551
623, 547.669649, 540
624, 547.771454, 556
625, 546.887457, 555
626, 547.709584, 543
627, 548.047006, 519
628, 547.404766, 515
629, 547.607958, 523
630, 548.111618, 556
631, 548.074484, 497
632, 547.626436, 563
633, 548.283219, 544
634, 548.326492, 565
635, 547.847092, 562
636, 548.219979, 565
637, 548.310101, 573
638, 548.687398, 509
639, 547.991157, 522
640, 548.595428, 521
641, 547.670066, 544
642, 547.21117, 572
643, 548.339665, 509
644, 548.04945, 550
645, 548.128664, 531
646, 547.929645, 529
647, 547.743678, 563
648, 548.57409, 573
649, 548.225343, 577
650, 547.8338, 542
651, 547.22923, 524
652, 547.727108, 537
653, 548.220873, 567
654, 547.687411, 581
655, 548.033655, 560
656, 548.434973, 499
657, 547.808051, 542
658, 547.448635, 529
659, 547.613382, 545
660, 546.769917, 535
661, 547.161698, 570
662, 547.438681, 578
663, 546.87202, 525
664, 546.409786, 526
665, 547.193468, 551
666, 547.817945, 567
667, 547.546566, 579
668, 546.923161, 539
669, 546.735883, 563
670, 547.517836, 571
671, 547.611475, 582
672, 547.394991, 543
673, 547.09512, 526
674, 546.824455, 544
675, 547.949255, 524
676, 548.024654, 521
677, 546.858132, 544
678, 547.502637, 542
679, 547.711194, 522
680, 547.395229, 531
681, 547.437429, 566
682, 546.63831, 558
683, 547.694325, 563
684, 548.477411, 544
685, 547.379136, 569
686, 547.978103, 526
687, 547.415078, 544
688, 547.028005, 567
689, 547.444046, 538
690, 546.994507, 529
691, 546.862304, 522
692, 547.650874, 577
693, 547.573507, 577
694, 547.290802, 516
695, 547.83076, 539
696, 547.703087, 544
697, 547.547936, 557
698, 547.806203, 582
699, 547.930002, 525
700, 547.806561, 543
701, 547.189713, 524
702, 547.495902, 574
703, 547.776699, 567
704, 547.519207, 583
705, 547.62584, 530
706, 548.123598, 546
707, 547.866285, 547
708, 547.765255, 538
709, 547.840714, 524
710, 547.712624, 530
711, 547.121048, 523
712, 547.670186, 559
713, 546.704829, 570
714, 547.076523, 510
715, 547.290802, 542
716, 546.995103, 566
717, 547.84441, 550
718, 547.020376, 575
719, 546.465218, 538
720, 547.978699, 580
721, 547.794044, 536
722, 547.649205, 537
723, 547.782421, 511
724, 546.372414, 519
725, 547.466993, 556
726, 548.370957, 540
727, 548.011363, 535
728, 548.116386, 515
729, 547.91677, 561
730, 547.766387, 525
731, 547.598243, 560
732, 547.185719, 551
733, 547.152519, 529
734, 546.492815, 541
735, 546.999872, 512
736, 546.123624, 570
737, 546.193421, 545
738, 547.146618, 566
739, 546.269178, 541
740, 545.80462, 559
741, 545.425057, 554
742, 544.860899, 585
743, 545.663834, 526
744, 545.128107, 587
745, 543.370306, 521
746, 544.140518, 537
747, 543.65164, 564
748, 542.873263, 537
749, 543.979228, 559
750, 544.023037, 519
751, 543.806732, 540
752, 543.730438, 527
753, 543.19334, 539
754, 543.652892, 533
755, 544.160545, 531
756, 544.08747, 545
757, 543.502212, 528
758, 543.685377, 524
759, 543.422937, 508
760, 543.590367, 502
761, 544.493079, 570
762, 544.48694, 534
763, 544.337034, 548
764, 544.48992, 540
765, 545.286775, 544
766, 545.071363, 510
767, 544.511795, 585
768, 544.863284, 561
769, 545.113981, 560
770, 545.459449, 505
771, 544.635594, 550
772, 544.942379, 496
773, 545.467854, 523
774, 545.051038, 518
775, 545.176029, 552
776, 544.974029, 563
777, 545.132041, 569
778, 545.23474, 547
779, 545.41111, 510
780, 545.167744, 519
781, 545.591116, 539
782, 545.997977, 538
783, 545.247972, 520
784, 544.749916, 520
785, 544.692039, 522
786, 545.220613, 561
787, 544.256151, 556
788, 543.806255, 554
789, 543.44511, 539
790, 541.496754, 554
791, 542.4124, 569
792, 542.167842, 539
793, 542.824686, 568
794, 543.837845, 549
795, 541.01789, 538
796, 540.945113, 534
797, 541.484594, 500
798, 540.971875, 509
799, 542.178392, 551
