time (in 10s), voltage_device (mV), voltage_esp (mV)
0, 540.14492, 545.1
1, 540.161371, 537.3
2, 540.371835, 537.3
3, 540.433645, 539.1
4, 540.4194, 543.9
5, 540.335357, 539.1
6, 540.32886, 535.5
7, 540.157676, 530.7
8, 539.991856, 531.3
9, 539.944649, 542.7
10, 540.2143, 535.8
11, 540.081143, 533.7
12, 540.281117, 538.8
13, 540.203512, 540.0
14, 540.253758, 544.5
15, 540.553331, 538.2
16, 540.278137, 543.3
17, 539.999545, 542.7
18, 540.001512, 548.7
19, 539.964974, 536.4
20, 540.278494, 535.8
21, 540.350854, 526.8
22, 540.269315, 542.1
23, 540.642262, 525.0
24, 540.535688, 540.6
25, 540.208876, 526.8
26, 540.313423, 535.2
27, 540.254354, 540.6
28, 540.070951, 544.5
29, 540.210664, 520.8
30, 540.482342, 540.9
31, 540.349305, 552.6
32, 540.213943, 546.0
33, 540.03799, 538.2
34, 540.284693, 544.8
35, 540.691495, 537.6
36, 540.38763, 533.4
37, 540.354967, 536.4
38, 540.117145, 540.6
39, 540.250182, 555.3
40, 540.325701, 539.4
41, 540.173888, 532.2
42, 540.464401, 531.3
43, 540.242314, 535.5
44, 539.981663, 533.7
45, 540.138602, 528.6
46, 540.23844, 544.5
47, 540.456116, 532.8
48, 540.019095, 526.8
49, 539.690793, 541.2
50, 540.311217, 554.4
51, 540.310085, 520.8
52, 540.267646, 536.1
53, 540.21883, 534.6
54, 540.394664, 534.6
55, 539.945245, 546.6
56, 539.836287, 531.6
57, 539.913356, 523.8
58, 539.815605, 543.6
59, 540.304184, 542.1
60, 540.121853, 537.9
61, 539.726079, 531.0
62, 539.783895, 530.7
63, 540.214717, 537.3
64, 540.336907, 544.5
65, 540.259004, 536.4
66, 540.349364, 540.0
67, 540.445089, 529.2
68, 540.32582, 530.7
69, 540.281355, 549.9
70, 540.387452, 531.0
71, 540.408909, 539.7
72, 540.186167, 550.5
73, 540.11023, 540.6
74, 540.026724, 524.1
75, 540.129662, 526.5
76, 540.093899, 538.2
77, 540.074944, 541.2
78, 539.658606, 532.2
79, 540.029705, 534.0
80, 540.260136, 547.2
81, 540.008545, 543.0
82, 540.415883, 549.3
83, 540.384829, 542.1
84, 540.246606, 540.0
85, 540.326774, 539.1
86, 540.301681, 539.7
87, 540.598035, 546.6
88, 540.281594, 534.3
89, 540.161908, 534.6
90, 540.429533, 532.5
91, 540.250897, 520.8
92, 540.14492, 545.1
93, 540.43591, 547.2
94, 540.197909, 549.6
95, 540.193677, 531.3
96, 540.247798, 543.3
97, 540.032983, 544.2
98, 540.085196, 538.8
99, 540.045619, 540.6
100, 540.077269, 533.7
101, 540.126443, 529.2
102, 540.186882, 547.8
103, 540.412009, 551.4
104, 540.402472, 542.7
105, 539.920449, 535.5
106, 540.138125, 539.1
107, 540.647149, 540.3
108, 540.119648, 533.7
109, 540.127218, 536.7
110, 540.38471, 529.2
111, 540.139556, 533.1
112, 540.072918, 532.2
113, 540.079057, 541.8
114, 539.960921, 548.1
115, 539.910913, 545.4
116, 540.143251, 531.9
117, 539.903581, 534.0
118, 540.056765, 543.9
119, 540.166557, 540.9
120, 540.25203, 537.9
121, 540.249765, 526.8
122, 540.084243, 522.3
123, 540.248275, 546.0
124, 539.795101, 541.2
125, 540.264785, 548.7
126, 540.409207, 532.2
127, 540.158212, 540.6
128, 540.260971, 537.0
129, 540.310144, 537.9
130, 540.589154, 538.8
131, 540.628195, 527.1
132, 540.063977, 539.4
133, 539.681554, 540.6
134, 539.994538, 550.2
135, 540.422022, 544.5
136, 540.466011, 548.1
137, 540.262163, 536.7
138, 540.321171, 541.5
139, 539.806664, 548.1
140, 539.743721, 536.1
141, 540.127099, 533.1
142, 540.030062, 541.5
143, 540.089846, 533.7
144, 540.186286, 539.7
145, 540.141165, 525.6
146, 539.874077, 540.0
147, 539.95949, 546.3
148, 540.20077, 527.1
149, 540.327191, 542.1
150, 540.261865, 529.2
151, 540.135682, 519.0
152, 540.06809, 553.8
153, 539.89774, 537.9
154, 540.04252, 525.3
155, 540.224314, 524.7
156, 539.922893, 548.1
157, 539.979815, 554.7
158, 540.52043, 541.5
159, 540.446639, 550.8
160, 539.650857, 532.8
161, 539.913416, 531.3
162, 540.251911, 531.6
163, 540.288031, 533.7
164, 540.25799, 534.6
165, 539.955735, 523.2
166, 540.119767, 538.8
167, 540.276051, 536.4
168, 540.074289, 542.1
169, 539.968908, 537.9
170, 539.914608, 542.4
171, 539.857209, 537.0
172, 540.013075, 536.1
173, 540.230989, 509.7
174, 540.157735, 523.2
175, 540.311694, 528.3
176, 540.231645, 543.9
177, 540.11941, 538.2
178, 540.004849, 535.2
179, 540.070355, 546.6
180, 540.447891, 532.2
181, 539.896548, 545.4
182, 539.615214, 533.4
183, 540.008307, 532.5
184, 540.242434, 537.6
185, 540.288687, 540.0
186, 540.228724, 535.8
187, 539.85548, 540.9
188, 540.027618, 529.8
189, 540.217578, 529.2
190, 539.960623, 528.3
191, 539.719641, 529.2
192, 540.04705, 538.2
193, 540.33345, 511.2
194, 540.063798, 536.4
195, 540.187716, 532.8
196, 540.25054, 548.7
197, 540.179074, 535.8
198, 540.256202, 525.0
199, 540.149927, 544.5
200, 540.156901, 525.6
201, 540.157318, 529.8
202, 540.174603, 545.1
203, 540.143132, 549.6
204, 540.510297, 542.4
205, 540.333807, 538.8
206, 539.942741, 530.4
207, 540.212512, 532.2
208, 540.219247, 547.8
209, 540.165484, 546.0
210, 540.153921, 530.1
211, 540.223241, 538.2
212, 540.376127, 552.9
213, 539.830089, 534.9
214, 540.369868, 546.6
215, 540.283263, 537.9
216, 539.93541, 542.4
217, 540.087402, 548.4
218, 540.216446, 554.1
219, 540.460348, 544.5
220, 540.491641, 535.5
221, 540.335417, 557.7
222, 539.986789, 548.4
223, 540.056527, 542.1
224, 540.281653, 556.5
225, 540.557981, 512.4
226, 540.424109, 520.5
227, 540.049672, 543.3
228, 539.836884, 548.1
229, 539.878309, 521.4
230, 540.005386, 511.5
231, 540.228546, 561.6
232, 540.130556, 528.9
233, 540.148616, 553.2
234, 540.143013, 543.3
235, 540.249348, 522.3
236, 540.490925, 523.5
237, 540.311038, 524.4
238, 540.121496, 526.8
239, 540.180206, 542.7
240, 540.456772, 534.6
241, 540.361106, 517.2
242, 540.265441, 542.7
243, 539.818943, 538.2
244, 540.246367, 547.8
245, 540.399313, 531.6
246, 539.710104, 530.1
247, 540.143132, 528.9
248, 540.437341, 546.9
249, 540.272772, 545.4
250, 540.273786, 523.8
251, 540.45862, 547.2
252, 539.867997, 541.5
253, 540.003359, 541.5
254, 540.484667, 543.3
255, 540.100753, 546.3
256, 540.232837, 529.2
257, 540.134788, 527.7
258, 539.929926, 523.8
259, 540.229797, 552.9
260, 540.393233, 545.7
261, 540.254772, 530.1
262, 540.234089, 529.2
263, 540.147543, 538.2
264, 540.295482, 539.7
265, 540.474176, 548.7
266, 540.26109, 529.8
267, 539.874732, 537.3
268, 540.20983, 548.1
269, 540.221393, 528.6
270, 540.015161, 536.4
271, 539.911687, 534.3
272, 539.975464, 546.3
273, 540.189981, 537.9
274, 540.164232, 531.6
275, 540.414572, 543.3
276, 540.1088, 536.1
277, 539.89166, 528.6
278, 540.279925, 550.5
279, 540.440321, 547.2
280, 540.071309, 537.6
281, 540.420413, 520.8
282, 540.24756, 522.6
283, 539.941847, 556.8
284, 540.389121, 538.8
285, 540.207326, 543.3
286, 540.191352, 527.1
287, 540.175617, 547.2
288, 539.85244, 528.0
289, 539.910078, 527.1
290, 540.109336, 543.0
291, 540.258825, 541.8
292, 540.092945, 546.0
293, 540.014088, 532.5
294, 540.226281, 537.3
295, 540.271461, 526.8
296, 539.842069, 540.3
297, 540.123045, 537.3
298, 540.02285, 540.0
299, 539.792836, 543.0
300, 540.265739, 529.5
301, 540.23838, 522.6
302, 540.036619, 530.1
303, 539.588332, 541.5
304, 540.14343, 529.8
305, 540.038764, 530.1
306, 539.813519, 538.5
307, 540.011227, 547.8
308, 539.922595, 533.4
309, 540.38763, 531.6
310, 540.296555, 537.9
311, 540.078938, 548.1
312, 540.314078, 538.2
313, 539.95806, 543.0
314, 540.133119, 534.9
315, 540.178299, 535.8
316, 540.364325, 537.9
317, 540.166795, 550.8
318, 539.947033, 545.4
319, 540.46005, 537.0
320, 540.122569, 530.4
321, 539.890587, 527.1
322, 540.003598, 538.2
323, 540.088356, 538.8
324, 539.967835, 536.7
325, 540.328145, 538.2
326, 540.535271, 533.7
327, 540.453434, 541.8
328, 540.123761, 534.3
329, 539.86913, 543.9
330, 540.041029, 537.3
331, 539.855003, 541.8
332, 539.978981, 552.6
333, 540.045023, 538.5
334, 540.019989, 532.5
335, 540.25358, 539.4
336, 540.052474, 543.0
337, 539.937973, 558.0
338, 539.984286, 542.7
339, 540.219426, 546.6
340, 540.250063, 544.5
341, 540.123165, 542.7
342, 540.178537, 550.8
343, 540.628254, 531.0
344, 540.271759, 508.2
345, 539.900601, 545.4
346, 539.98673, 548.4
347, 539.942384, 536.1
348, 540.482283, 536.7
349, 540.310085, 537.0
350, 539.899349, 539.4
351, 540.299952, 527.7
352, 540.205061, 555.3
353, 539.963186, 539.1
354, 540.133893, 536.1
355, 540.141463, 531.3
356, 539.917529, 546.3
357, 540.435016, 539.7
358, 540.324688, 553.2
359, 539.474487, 526.5
360, 540.015161, 551.1
361, 540.088594, 524.4
362, 540.042162, 554.4
363, 539.869666, 521.1
364, 539.618373, 533.4
365, 540.255308, 527.1
366, 540.152788, 519.0
367, 539.845109, 542.1
368, 540.210843, 546.3
369, 540.232956, 532.5
370, 540.185928, 545.1
371, 540.260077, 538.5
372, 539.64287, 548.7
373, 539.566576, 552.9
374, 540.040672, 543.0
375, 540.271342, 548.1
376, 540.336668, 535.5
377, 539.921105, 534.6
378, 540.047467, 527.1
379, 540.32743, 538.2
380, 540.207624, 528.3
381, 540.310621, 535.8
382, 540.161431, 551.7
383, 539.756298, 533.7
384, 539.585412, 538.5
385, 539.982796, 542.1
386, 540.389001, 540.9
387, 540.028155, 530.1
388, 540.208697, 532.5
389, 540.195346, 536.4
390, 540.356338, 528.6
391, 540.380955, 553.8
392, 539.736986, 529.8
393, 540.257335, 538.5
394, 540.255845, 544.8
395, 539.994717, 537.9
396, 540.209234, 538.5
397, 540.094137, 544.2
398, 540.288687, 537.6
399, 540.437341, 528.0
400, 539.875984, 538.2
401, 540.122807, 532.2
402, 540.38626, 533.1
403, 540.04091, 546.0
404, 540.04693, 528.3
405, 540.351868, 546.6
406, 540.222704, 547.8
407, 539.857328, 539.7
408, 539.720058, 532.8
409, 540.222764, 538.5
410, 540.622413, 535.8
411, 540.185809, 544.2
412, 540.151834, 534.3
413, 540.277064, 515.4
414, 540.517747, 546.9
415, 540.144622, 550.2
416, 539.870322, 540.6
417, 540.050864, 521.1
418, 540.144861, 549.3
419, 540.048361, 538.8
420, 539.999485, 516.6
421, 539.901197, 541.8
422, 540.25197, 544.2
423, 540.184915, 526.5
424, 540.126801, 533.1
425, 540.426016, 544.5
426, 539.962411, 537.0
427, 540.132225, 529.2
428, 540.219903, 533.1
429, 540.075839, 540.6
430, 540.084302, 536.7
431, 540.180504, 537.0
432, 540.292382, 554.4
433, 540.53086, 525.9
434, 540.358484, 529.8
435, 540.214598, 536.7
436, 540.103257, 543.6
437, 540.03197, 534.3
438, 540.405095, 536.7
439, 540.23248, 532.5
440, 540.039361, 530.4
441, 539.938927, 528.9
442, 540.130079, 535.8
443, 540.068984, 534.9
444, 540.229142, 534.3
445, 540.516436, 524.4
446, 540.227652, 537.9
447, 540.202081, 528.9
448, 539.964318, 528.6
449, 540.023685, 531.3
450, 540.608585, 543.6
451, 540.371001, 525.9
452, 540.268958, 523.5
453, 540.183663, 540.9
454, 540.030956, 544.8
455, 540.061116, 536.7
456, 540.391982, 531.9
457, 540.4737, 519.0
458, 540.070117, 537.9
459, 539.80577, 538.5
460, 540.280521, 527.7
461, 540.495038, 532.8
462, 540.054619, 540.6
463, 540.419102, 531.0
464, 540.43144, 542.7
465, 539.658427, 538.2
466, 539.850354, 527.1
467, 540.035248, 544.8
468, 539.938986, 525.9
469, 539.826691, 527.1
470, 540.000081, 532.5
471, 540.167332, 550.8
472, 539.941847, 538.8
473, 540.27915, 537.9
474, 540.518641, 539.4
475, 539.995253, 525.9
476, 540.134728, 535.2
477, 540.459335, 549.9
478, 539.891243, 537.0
479, 539.681017, 540.6
480, 539.851427, 534.6
481, 540.002227, 523.2
482, 540.416718, 525.6
483, 540.354311, 550.5
484, 540.277004, 523.5
485, 540.166616, 544.2
486, 540.074527, 535.8
487, 539.737165, 548.1
488, 539.938688, 529.2
489, 539.979219, 551.4
490, 539.782643, 550.2
491, 539.754272, 541.2
492, 539.998114, 561.6
493, 540.224314, 551.7
494, 539.984167, 547.8
495, 540.029943, 543.6
496, 540.277541, 518.4
497, 540.295959, 540.6
498, 540.132403, 525.6
499, 540.307999, 555.3
500, 540.250182, 558.9
501, 540.26407, 570.0
502, 540.158093, 532.2
503, 540.298879, 546.3
504, 540.092409, 549.3
505, 539.740205, 547.2
506, 539.614856, 552.0
507, 539.552867, 520.8
508, 539.756835, 562.2
509, 539.961934, 550.2
510, 540.273905, 554.4
511, 540.433884, 537.9
512, 540.20828, 550.5
513, 540.511429, 548.7
514, 540.294349, 537.3
515, 540.156066, 565.2
516, 540.317178, 518.1
517, 540.072978, 528.6
518, 540.28666, 525.9
519, 540.365458, 516.9
520, 540.187955, 556.8
521, 539.834619, 567.0
522, 539.820969, 537.0
523, 539.958596, 527.4
524, 539.82091, 535.8
525, 540.192425, 546.3
526, 540.015638, 558.9
527, 539.828181, 526.5
528, 539.911389, 550.8
529, 540.009797, 570.9
530, 539.994895, 515.4
531, 539.572239, 559.8
532, 539.903641, 523.8
533, 539.812326, 559.8
534, 539.701641, 522.6
535, 540.015161, 513.9
536, 540.173471, 550.2
537, 540.114701, 545.7
538, 539.656997, 557.1
539, 539.617836, 513.6
540, 539.901257, 565.5
541, 539.874613, 557.7
542, 539.652288, 501.6
543, 539.911807, 504.3
544, 540.283144, 542.1
545, 540.067375, 570.9
546, 539.674699, 508.2
547, 539.507031, 507.3
548, 539.896786, 517.5
549, 540.090799, 555.6
550, 540.044069, 530.4
551, 540.134311, 543.3
552, 540.066183, 534.6
553, 540.058374, 547.5
554, 539.959311, 546.0
555, 540.160835, 522.3
556, 540.22187, 540.9
557, 540.111184, 523.8
558, 540.43752, 543.9
559, 540.117502, 531.0
560, 540.158987, 532.2
561, 540.037513, 548.4
562, 540.13741, 538.5
563, 540.374994, 536.1
564, 539.671302, 534.0
565, 540.106356, 545.7
566, 540.284634, 538.8
567, 539.919853, 537.3
568, 540.222824, 539.4
569, 540.061355, 551.4
570, 540.012777, 528.9
571, 540.291786, 539.4
572, 539.912879, 543.6
573, 540.107906, 540.3
574, 540.514112, 533.7
575, 539.835215, 537.3
576, 539.913476, 523.2
577, 540.132463, 522.0
578, 540.038109, 541.5
579, 540.412545, 539.4
580, 540.070951, 539.4
581, 539.970279, 525.0
582, 540.220499, 525.9
583, 539.85399, 544.2
584, 539.908111, 534.0
585, 540.311038, 534.3
586, 540.214896, 545.1
587, 540.063083, 537.3
588, 540.083766, 531.0
589, 540.315032, 549.3
590, 539.948046, 526.2
591, 539.636314, 543.0
592, 539.682865, 537.9
593, 539.973676, 526.8
594, 539.734483, 534.0
595, 539.916217, 542.1
596, 539.999127, 537.3
597, 540.013969, 524.7
598, 540.299773, 533.7
599, 539.978802, 533.4
600, 539.91729, 541.5
601, 540.162563, 543.9
602, 540.130675, 532.8
603, 539.999604, 526.5
604, 539.83587, 542.7
605, 540.067673, 536.1
606, 540.155947, 538.5
607, 540.22336, 522.3
608, 540.240824, 547.2
609, 540.24595, 539.7
610, 539.680064, 520.8
611, 539.486229, 529.5
612, 539.994836, 524.1
613, 540.0455, 530.4
614, 540.139854, 529.8
615, 540.196657, 524.1
616, 539.922714, 540.6
617, 540.464938, 531.6
618, 540.314734, 540.9
619, 539.920986, 529.8
620, 540.048301, 526.5
621, 539.991498, 530.1
622, 540.097892, 533.7
623, 539.990783, 540.9
624, 540.241778, 543.9
625, 540.084362, 542.4
626, 539.988518, 538.5
627, 540.112734, 537.0
628, 539.643764, 541.5
629, 539.562762, 533.1
630, 539.981544, 531.3
631, 540.19177, 546.3
632, 540.148616, 526.5
633, 540.009797, 523.2
634, 540.341556, 531.0
635, 540.435851, 540.6
636, 540.327072, 533.4
637, 540.284872, 531.9
638, 539.65044, 540.6
639, 540.093303, 538.8
640, 540.271819, 527.4
641, 540.074587, 523.2
642, 540.306628, 534.9
643, 540.22181, 556.5
644, 540.162683, 534.0
645, 540.164948, 539.1
646, 540.360689, 525.6
647, 540.427744, 547.2
648, 539.589465, 547.8
649, 539.887488, 547.5
650, 540.371537, 545.1
651, 539.762795, 554.1
652, 540.021539, 555.9
653, 540.198028, 521.7
654, 540.049076, 541.5
655, 540.395141, 546.3
656, 540.426195, 532.5
657, 540.352166, 534.6
658, 540.133059, 523.2
659, 540.014207, 530.7
660, 539.975405, 540.3
661, 540.318549, 545.4
662, 539.807558, 549.3
663, 539.626062, 541.8
664, 540.396988, 535.2
665, 539.948821, 529.8
666, 539.852977, 540.3
667, 540.34245, 530.7
668, 539.746284, 548.7
669, 539.713502, 539.1
670, 540.039062, 515.4
671, 539.636433, 531.0
672, 540.163875, 505.2
673, 540.002584, 525.6
674, 540.137708, 552.6
675, 540.45254, 529.2
676, 539.726317, 554.1
677, 540.087461, 546.3
678, 540.028155, 536.1
679, 539.844275, 529.5
680, 539.978564, 555.3
681, 539.64442, 538.5
682, 540.008247, 542.7
683, 540.248096, 542.4
684, 539.525449, 546.6
685, 539.751232, 561.3
686, 540.296316, 550.8
687, 540.115654, 526.5
688, 539.868057, 533.4
689, 539.799631, 525.9
690, 539.828062, 511.8
691, 539.915323, 534.6
692, 540.02738, 511.8
693, 539.844692, 553.8
694, 539.822936, 528.0
695, 539.592862, 543.9
696, 539.656401, 516.0
697, 540.032625, 517.5
698, 539.795816, 523.2
699, 539.818883, 543.6
700, 540.157914, 554.1
701, 540.475488, 523.5
702, 540.341198, 522.3
703, 540.093064, 518.4
704, 540.004611, 549.9
705, 540.297866, 527.1
706, 540.124953, 522.0
707, 539.775729, 516.6
708, 540.035665, 513.3
709, 539.916217, 556.8
710, 539.629817, 535.8
711, 540.051162, 540.6
712, 540.242136, 513.3
713, 540.188372, 554.1
714, 540.246069, 516.0
715, 539.93082, 564.3
716, 539.872169, 558.9
717, 540.125132, 525.0
718, 539.71678, 532.8
719, 539.935768, 555.3
720, 540.148139, 549.3
721, 539.693773, 522.3
722, 539.876461, 516.6
723, 540.291727, 538.5
724, 540.075243, 548.7
725, 539.985716, 528.3
726, 540.489674, 543.9
727, 539.922535, 547.2
728, 540.062129, 522.6
729, 540.563464, 533.7
730, 540.004551, 541.8
731, 539.949894, 548.4
732, 539.9037, 536.1
733, 540.035963, 541.5
734, 540.052354, 535.5
735, 540.011466, 534.9
736, 539.946258, 529.8
737, 539.714336, 536.4
738, 539.924979, 537.9
739, 539.942384, 542.4
740, 540.314853, 533.7
741, 540.265977, 538.8
742, 540.048897, 526.5
743, 539.946973, 536.7
744, 539.979517, 541.5
745, 540.011406, 529.5
746, 539.867878, 534.9
747, 540.065587, 546.0
748, 539.775372, 545.1
749, 539.752483, 532.5
750, 539.668798, 528.6
751, 540.024996, 542.1
752, 540.5038, 543.3
753, 540.319681, 534.3
754, 540.221512, 545.7
755, 539.945543, 538.5
756, 540.160239, 548.7
757, 540.313482, 547.8
758, 540.269554, 529.8
759, 539.940357, 530.4
760, 540.14653, 534.0
761, 540.492892, 539.7
762, 540.233195, 531.0
763, 539.958239, 533.4
764, 540.073812, 545.4
765, 540.090621, 548.1
766, 540.148497, 536.7
767, 540.301919, 559.5
768, 540.33196, 542.7
769, 540.154219, 529.2
770, 540.040612, 519.9
771, 540.073991, 540.6
772, 540.080965, 536.4
773, 540.226281, 538.8
774, 540.001452, 529.8
775, 539.98363, 545.4
776, 540.311575, 530.7
777, 540.277481, 537.0
778, 539.813101, 548.1
779, 540.092111, 534.6
780, 540.032446, 535.2
781, 539.839923, 529.5
782, 540.336072, 538.2
783, 539.957643, 537.6
784, 539.92337, 537.6
785, 540.292859, 545.4
786, 539.943159, 547.2
787, 539.929867, 537.3
788, 539.964557, 532.2
789, 539.979637, 549.0
790, 539.850473, 538.5
791, 539.910614, 531.6
792, 540.187538, 530.1
793, 540.03191, 531.9
794, 539.896667, 530.7
795, 539.748788, 546.0
796, 539.864838, 541.5
797, 540.039599, 545.1
798, 539.885819, 540.9
799, 539.971948, 539.7
